{
 "cells": [
  {
   "cell_type": "markdown",
   "metadata": {},
   "source": [
    "---\n",
    "<h1 align = 'center'><font color = \"#967BB6\">Linear algebra and calculus in NumPy</font></h1>  \n",
    "\n",
    "---"
   ]
  },
  {
   "cell_type": "markdown",
   "metadata": {},
   "source": [
    "---\n",
    "<h1 align = center> Importing Necessary Libraries </h1>\n",
    "\n",
    "---"
   ]
  },
  {
   "cell_type": "code",
   "execution_count": 1,
   "metadata": {},
   "outputs": [],
   "source": [
    "import numpy as np\n"
   ]
  },
  {
   "cell_type": "markdown",
   "metadata": {},
   "source": [
    "---\n",
    "<h1 align = center><font color = #5865F2 >Linear Algebra Tasks</font></h1>\n",
    "\n",
    "---\n"
   ]
  },
  {
   "cell_type": "markdown",
   "metadata": {},
   "source": [
    "---\n",
    "<h1 align = center><font color =#D462FF > 1. Matrix Creation and Manipulation</font></h1>\n",
    "\n",
    "---\n"
   ]
  },
  {
   "cell_type": "markdown",
   "metadata": {},
   "source": [
    "---\n",
    "<h2 align = center><font color =#CC338B >Create various types of matrices (zero matrix, identity matrix, random matrix).</font></h2>\n",
    "\n",
    "---"
   ]
  },
  {
   "cell_type": "markdown",
   "metadata": {},
   "source": [
    "---\n",
    "<h2 align = center><font color = '#F62217'> Zero Matrix</font></h2>\n",
    "\n",
    "---"
   ]
  },
  {
   "cell_type": "markdown",
   "metadata": {},
   "source": [
    "#### What is Zero Matrix\n",
    "\n",
    "A zero matrix is a matrix in which all the elements are zero. It is a special case of a square matrix."
   ]
  },
  {
   "cell_type": "code",
   "execution_count": 5,
   "metadata": {},
   "outputs": [
    {
     "data": {
      "text/plain": [
       "array([[0, 0, 0],\n",
       "       [0, 0, 0],\n",
       "       [0, 0, 0]], dtype=int32)"
      ]
     },
     "execution_count": 5,
     "metadata": {},
     "output_type": "execute_result"
    }
   ],
   "source": [
    "# making a zero matrix of size 3x3\n",
    "zeroMatrix = np.zeros(shape=(3,3), dtype='int32')\n",
    "zeroMatrix"
   ]
  },
  {
   "cell_type": "markdown",
   "metadata": {},
   "source": [
    "---\n",
    "<h2 align = center><font color = '#FF7900'> Identity Matrix</font></h2>\n",
    "\n",
    "---"
   ]
  },
  {
   "cell_type": "markdown",
   "metadata": {},
   "source": [
    "#### What is Identity Matrix ?\n",
    "\n",
    "An identity matrix is a square matrix in which all the elements on the principal diagonal are ones (1s) and all other elements are zeros. It is also known as a unit matrix."
   ]
  },
  {
   "cell_type": "code",
   "execution_count": 6,
   "metadata": {},
   "outputs": [
    {
     "data": {
      "text/plain": [
       "array([[1, 0, 0],\n",
       "       [0, 1, 0],\n",
       "       [0, 0, 1]], dtype=int32)"
      ]
     },
     "execution_count": 6,
     "metadata": {},
     "output_type": "execute_result"
    }
   ],
   "source": [
    "# making identity matrix of size 3x3\n",
    "\n",
    "identityMatrix = np.eye(3, dtype='int32')\n",
    "identityMatrix\n"
   ]
  },
  {
   "cell_type": "markdown",
   "metadata": {},
   "source": [
    "---\n",
    "<h2 align = center><font color = '#2672FF'> Random Matrix</font></h2>\n",
    "\n",
    "---\n"
   ]
  },
  {
   "cell_type": "markdown",
   "metadata": {},
   "source": [
    "#### What is Random Matrix ?\n",
    "\n",
    "A random matrix is a matrix in which the elements are randomly generated numbers. It is often used in various applications, such as simulations, machine learning, and data analysis."
   ]
  },
  {
   "cell_type": "code",
   "execution_count": 7,
   "metadata": {},
   "outputs": [
    {
     "data": {
      "text/plain": [
       "array([[ 3, 14,  2, 12, 15],\n",
       "       [21,  8, 24, 15,  5],\n",
       "       [ 9,  3, 17, 11, 12],\n",
       "       [21, 22, 12, 13, 15],\n",
       "       [ 7, 18, 15, 19, 23]], dtype=int32)"
      ]
     },
     "execution_count": 7,
     "metadata": {},
     "output_type": "execute_result"
    }
   ],
   "source": [
    "# making a random matrix of size 5x5\n",
    "\n",
    "randomMatrix = np.random.randint(1, 25, size=(5,5), dtype='int32')\n",
    "randomMatrix\n"
   ]
  },
  {
   "cell_type": "markdown",
   "metadata": {},
   "source": [
    "---\n",
    "<h2 align = center><font color =#CC338B >Perform basic matrix operations (addition, subtraction, multiplication).\n",
    "</font></h2>\n",
    "\n",
    "---"
   ]
  },
  {
   "cell_type": "markdown",
   "metadata": {},
   "source": [
    "\n",
    "---\n",
    "<h2 align = center><font color = '#6AFB92'>Addition</font></h2>\n",
    "\n",
    "---"
   ]
  },
  {
   "cell_type": "code",
   "execution_count": 12,
   "metadata": {},
   "outputs": [
    {
     "name": "stdout",
     "output_type": "stream",
     "text": [
      "\n",
      "Matrix 1\n",
      "\n",
      "[[ 5 42 39 93 68]\n",
      " [96 48 45 24 83]\n",
      " [80 26 77 63 78]\n",
      " [76 74 19 11 60]\n",
      " [98 73 62 40 33]]\n",
      "\n",
      "Matrix 2\n",
      "\n",
      "[[30 56 66 26 65]\n",
      " [90 53 77 77 24]\n",
      " [35 24 41 80 57]\n",
      " [25 83 61 22 85]\n",
      " [95 84 14 15 12]]\n",
      "\n",
      "Resultant Matrix\n",
      "\n",
      "[[ 35  98 105 119 133]\n",
      " [186 101 122 101 107]\n",
      " [115  50 118 143 135]\n",
      " [101 157  80  33 145]\n",
      " [193 157  76  55  45]]\n"
     ]
    }
   ],
   "source": [
    "# Making 2 Random 5x5 Matrix\n",
    "\n",
    "mat1 = np.random.randint(1,100 , size=(5,5),dtype='int16')\n",
    "mat2 = np.random.randint(1,100 , size=(5,5),dtype='int16')\n",
    "\n",
    "# Showing Mat1 and Mat2\n",
    "\n",
    "print(f\"\\nMatrix 1\\n\")\n",
    "print(mat1)\n",
    "\n",
    "print(f\"\\nMatrix 2\\n\")\n",
    "print(mat2)\n",
    "\n",
    "# Adding the matrices\n",
    "\n",
    "mat3 = mat1+mat2\n",
    "\n",
    "print(f\"\\nResultant Matrix\\n\")\n",
    "print(mat3)\n"
   ]
  },
  {
   "cell_type": "markdown",
   "metadata": {},
   "source": [
    "---\n",
    "<h2 align = center><font color = '#FF7900'>Subtraction</font></h2>\n",
    "\n",
    "---\n"
   ]
  },
  {
   "cell_type": "code",
   "execution_count": 13,
   "metadata": {},
   "outputs": [
    {
     "name": "stdout",
     "output_type": "stream",
     "text": [
      "\n",
      "Matrix 1\n",
      "\n",
      "[[82  8 59 38 22]\n",
      " [72 62 74 97  4]\n",
      " [83 40 59 87 59]\n",
      " [56 56 28 74 10]\n",
      " [71 32 36 56 22]]\n",
      "\n",
      "Matrix 2\n",
      "\n",
      "[[33 47 90 74 86]\n",
      " [96 76 40 98 77]\n",
      " [ 8 61 35  8 14]\n",
      " [62 33 14 62 70]\n",
      " [73 72 37 35 76]]\n",
      "\n",
      "Resultant Matrix\n",
      "\n",
      "[[ 49 -39 -31 -36 -64]\n",
      " [-24 -14  34  -1 -73]\n",
      " [ 75 -21  24  79  45]\n",
      " [ -6  23  14  12 -60]\n",
      " [ -2 -40  -1  21 -54]]\n"
     ]
    }
   ],
   "source": [
    "\n",
    "# Making 2 Random 5x5 Matrix\n",
    "\n",
    "mat1 = np.random.randint(1,100 , size=(5,5),dtype='int16')\n",
    "mat2 = np.random.randint(1,100 , size=(5,5),dtype='int16')\n",
    "\n",
    "# Showing Mat1 and Mat2\n",
    "\n",
    "print(f\"\\nMatrix 1\\n\")\n",
    "print(mat1)\n",
    "\n",
    "print(f\"\\nMatrix 2\\n\")\n",
    "print(mat2)\n",
    "\n",
    "# Subtracting the matrices\n",
    "\n",
    "mat3 = mat1-mat2\n",
    "\n",
    "print(f\"\\nResultant Matrix\\n\")\n",
    "print(mat3)\n"
   ]
  },
  {
   "cell_type": "markdown",
   "metadata": {},
   "source": [
    "---\n",
    "<h2 align = center><font color = '#46C7C7'>Multiplication</font></h2>\n",
    "\n",
    "---\n"
   ]
  },
  {
   "cell_type": "code",
   "execution_count": 17,
   "metadata": {},
   "outputs": [
    {
     "name": "stdout",
     "output_type": "stream",
     "text": [
      "\n",
      "Matrix 1\n",
      "\n",
      "[[35 66 30 94 15]\n",
      " [15 53  4 68 57]\n",
      " [15 21 95 92 89]\n",
      " [40 92 41 83 56]\n",
      " [81 63 49 68 44]]\n",
      "\n",
      "Matrix 2\n",
      "\n",
      "[[62 88 78 65 87]\n",
      " [50 21 67 85 88]\n",
      " [60 84 89 38  6]\n",
      " [51 79 78 50 51]\n",
      " [77 26 61  6 67]]\n",
      "\n",
      "Resultant Matrix\n",
      "\n",
      "[[13219 14802 18069 13815 14832]\n",
      " [11677  9623 13858  9374 13280]\n",
      " [19225 19323 23637 11504 14378]\n",
      " [18085 16909 22823 16464 19807]\n",
      " [17968 19083 22888 16146 19301]]\n"
     ]
    }
   ],
   "source": [
    "\n",
    "# Making 2 Random 5x5 Matrix\n",
    "\n",
    "mat1 = np.random.randint(1,100 , size=(5,5),dtype='int16')\n",
    "mat2 = np.random.randint(1,100 , size=(5,5),dtype='int16')\n",
    "\n",
    "# Showing Mat1 and Mat2\n",
    "\n",
    "print(f\"\\nMatrix 1\\n\")\n",
    "print(mat1)\n",
    "\n",
    "print(f\"\\nMatrix 2\\n\")\n",
    "print(mat2)\n",
    "\n",
    "# Multiplying the matrices\n",
    "\n",
    "mat3 = np.matmul(mat1,mat2)\n",
    "\n",
    "print(f\"\\nResultant Matrix\\n\")\n",
    "print(mat3)\n",
    "\n"
   ]
  },
  {
   "cell_type": "markdown",
   "metadata": {},
   "source": [
    "---\n",
    "<h2 align = center><font color =#CC338B >Transpose a matrix and find the determinant and inverse of a matrix.\n",
    "</font></h2>\n",
    "\n",
    "---\n",
    "\n"
   ]
  },
  {
   "cell_type": "markdown",
   "metadata": {},
   "source": [
    "<h3 align = center> Making a random 10x10 Matrix </h3>\n",
    "\n",
    "\n"
   ]
  },
  {
   "cell_type": "code",
   "execution_count": 22,
   "metadata": {},
   "outputs": [
    {
     "name": "stdout",
     "output_type": "stream",
     "text": [
      "\n",
      "Matrix 1\n",
      "\n",
      "[[32 67 14 32 62 59 91 28 20 17]\n",
      " [71 33 56  1 61 22  9 88 67 54]\n",
      " [89 43 30 26 99 69 69 60 43 68]\n",
      " [82 82 26 12 70  3 77 23 24 65]\n",
      " [11  9 14 92 25 76 33 36 57  6]\n",
      " [79  7 83 30 60 21 17  3 45 33]\n",
      " [19 70  5 76  7 75 90 10 77 46]\n",
      " [77 78 82  6 87 32 96 93 93 30]\n",
      " [13 43 44 70 72 77 49 45 71 53]\n",
      " [32 38 48 76 78 86 25 83 80 61]]\n"
     ]
    }
   ],
   "source": [
    "mat = np.random.randint(1,100 , size=(10,10),dtype='int16')\n",
    "\n",
    "# Showing Matrix\n",
    "\n",
    "print(f\"\\nMatrix 1\\n\")\n",
    "print(mat)\n"
   ]
  },
  {
   "cell_type": "markdown",
   "metadata": {},
   "source": [
    "---\n",
    "\n",
    "<h2 align = center> <font color = '#38ACEC'> Transposing the matrix </font></h2>\n",
    "\n",
    "---\n",
    "\n",
    "\n",
    "#### What is Transposing Matrix ?\n",
    "\n",
    "A transposed matrix is obtained by swapping the rows and columns of the original matrix. \n"
   ]
  },
  {
   "cell_type": "code",
   "execution_count": 23,
   "metadata": {},
   "outputs": [
    {
     "name": "stdout",
     "output_type": "stream",
     "text": [
      "\n",
      "Transposed Matrix\n",
      "\n",
      "[[32 71 89 82 11 79 19 77 13 32]\n",
      " [67 33 43 82  9  7 70 78 43 38]\n",
      " [14 56 30 26 14 83  5 82 44 48]\n",
      " [32  1 26 12 92 30 76  6 70 76]\n",
      " [62 61 99 70 25 60  7 87 72 78]\n",
      " [59 22 69  3 76 21 75 32 77 86]\n",
      " [91  9 69 77 33 17 90 96 49 25]\n",
      " [28 88 60 23 36  3 10 93 45 83]\n",
      " [20 67 43 24 57 45 77 93 71 80]\n",
      " [17 54 68 65  6 33 46 30 53 61]]\n"
     ]
    }
   ],
   "source": [
    "transposedMatrix = np.transpose(mat)\n",
    "print(f\"\\nTransposed Matrix\\n\")\n",
    "print(transposedMatrix)"
   ]
  },
  {
   "cell_type": "markdown",
   "metadata": {},
   "source": [
    "---\n",
    "<h2 align = center> <font color = '#00A36C'> Finding Determinant </font></h2>\n",
    "\n",
    "---\n",
    "\n",
    "#### What is Determinant?\n",
    "\n",
    "The determinant of a square matrix is a scalar value that can be computed from the elements of the matrix and has many important properties. "
   ]
  },
  {
   "cell_type": "code",
   "execution_count": 25,
   "metadata": {},
   "outputs": [
    {
     "name": "stdout",
     "output_type": "stream",
     "text": [
      "\n",
      "Determinant of Matrix 1: -4.341495551896651e+16\n",
      "\n"
     ]
    }
   ],
   "source": [
    "determinant = np.linalg.det(mat)\n",
    "print(f\"\\nDeterminant of Matrix 1: {determinant}\\n\")"
   ]
  },
  {
   "cell_type": "markdown",
   "metadata": {},
   "source": [
    "---\n",
    "<h2 align = center> <font color = '#FF6700'> Matrix Inverse </font></h2>   \n",
    "\n",
    "---\n",
    "#### What is Matrix Inverse?\n",
    "\n",
    "The inverse of a square matrix is another square matrix that has the same dimension as the original matrix and satisfies the following property:\n",
    "\n",
    "mat * inverseMat = inverseMat * mat = I\n",
    "\n",
    "where I is the identity matrix of the same size as the original matrix."
   ]
  },
  {
   "cell_type": "code",
   "execution_count": 27,
   "metadata": {},
   "outputs": [
    {
     "name": "stdout",
     "output_type": "stream",
     "text": [
      "\n",
      "Inverse of Matrix\n",
      "\n",
      "[[ 3.70386567e-02  8.97656992e-02 -1.44169079e-02 -5.64871930e-04\n",
      "   3.96421170e-02  7.79249616e-05 -8.50517145e-03 -4.02132185e-02\n",
      "   5.30774235e-02 -9.69808482e-02]\n",
      " [ 1.04085340e-01  2.14536366e-01 -6.17022373e-02 -1.17358387e-03\n",
      "   7.16325377e-02 -9.76546888e-03 -2.39560864e-02 -9.69744409e-02\n",
      "   1.58929153e-01 -2.22982723e-01]\n",
      " [-9.85664662e-02 -2.82799959e-01  4.64926567e-02 -1.55643181e-03\n",
      "  -1.26172745e-01  3.24127342e-02  4.20202159e-02  1.22198654e-01\n",
      "  -2.47154757e-01  3.45479082e-01]\n",
      " [-4.35523853e-02 -1.02973660e-01  1.21692911e-02  1.68632920e-02\n",
      "  -2.25832738e-02  6.03848815e-03  6.98097967e-03  4.12092865e-02\n",
      "  -8.50292956e-02  1.19061000e-01]\n",
      " [ 9.72360248e-02  2.59802992e-01 -4.84898081e-02  1.45592999e-03\n",
      "   1.13731665e-01 -2.35106221e-02 -5.06765326e-02 -1.11932881e-01\n",
      "   2.47251349e-01 -3.24614041e-01]\n",
      " [ 3.86702065e-02  5.01364061e-02 -6.15783263e-03 -2.08938787e-02\n",
      "   1.45644828e-03  5.41400109e-03  4.54269051e-03 -2.74856244e-02\n",
      "   2.30390445e-02 -3.90293413e-02]\n",
      " [-1.16303443e-01 -2.76637674e-01  6.50037845e-02  6.20601086e-03\n",
      "  -1.01470501e-01  1.32677540e-02  3.68249666e-02  1.25434651e-01\n",
      "  -2.16729320e-01  2.99878656e-01]\n",
      " [-8.90524019e-02 -2.24337918e-01  4.48252901e-02  6.49578638e-03\n",
      "  -8.58456571e-02  8.59795771e-03  2.75651549e-02  1.01593387e-01\n",
      "  -2.01859785e-01  2.74949242e-01]\n",
      " [ 1.11770561e-01  3.31752100e-01 -6.10407030e-02 -7.83005678e-03\n",
      "   1.38625641e-01 -2.77460053e-02 -4.29011773e-02 -1.35430460e-01\n",
      "   2.97670803e-01 -4.06742815e-01]\n",
      " [-1.09050253e-01 -2.49262808e-01  5.73598954e-02  7.72435501e-03\n",
      "  -1.08891594e-01  1.46957113e-02  3.96824962e-02  1.03856696e-01\n",
      "  -2.01969880e-01  2.92511295e-01]]\n"
     ]
    }
   ],
   "source": [
    "inverseMatrix = np.linalg.inv(mat)\n",
    "print(f\"\\nInverse of Matrix\\n\")\n",
    "print(inverseMatrix)\n"
   ]
  },
  {
   "cell_type": "markdown",
   "metadata": {},
   "source": [
    "---\n",
    "<h1 align = center><font color =#D462FF > 2. Solving Linear Equations</font></h1>\n",
    "\n",
    "---\n"
   ]
  },
  {
   "cell_type": "markdown",
   "metadata": {},
   "source": [
    "\n",
    "---\n",
    "<h2 align = center> <font color = '#FF0080'> Use NumPy to solve a system of linear equations. </font></h2>\n",
    "\n",
    "---\n",
    "\n",
    "#### What is Linear Equation?\n",
    "\n",
    "A linear equation is an equation that can be written in the form of ax + by = c, where a, b, and c are constants and x and y are variables.\n",
    "\n",
    "\n",
    "\n"
   ]
  },
  {
   "cell_type": "code",
   "execution_count": 29,
   "metadata": {},
   "outputs": [
    {
     "name": "stdout",
     "output_type": "stream",
     "text": [
      "[11.33333333 -0.66666667]\n"
     ]
    }
   ],
   "source": [
    "# Example Equation :\n",
    "# x – y = 12 ---(1) \n",
    "# 2x + y = 22 ---(2)\n",
    "\n",
    "# Converting the equation into matrix form Ax = b\n",
    "\n",
    "a = np.array([[1,-1],[2,1]])\n",
    "b = np.array([12,22])\n",
    "\n",
    "x = np.linalg.solve(a,b)\n",
    "print(x)\n"
   ]
  },
  {
   "cell_type": "markdown",
   "metadata": {},
   "source": [
    "#### Picture Solution\n",
    "\n",
    "<img src=\"sol.png\" alt=\"Linear Equations\">\n",
    "\n",
    "\n"
   ]
  },
  {
   "cell_type": "markdown",
   "metadata": {},
   "source": [
    "### Another Linear Equation Solution"
   ]
  },
  {
   "cell_type": "code",
   "execution_count": 31,
   "metadata": {},
   "outputs": [
    {
     "data": {
      "text/plain": [
       "array([-2.  ,  2.25])"
      ]
     },
     "execution_count": 31,
     "metadata": {},
     "output_type": "execute_result"
    }
   ],
   "source": [
    "# Equation\n",
    "#  2x + 4y = 5\n",
    "#  6x + 8y = 6\n",
    "\n",
    "a = np.array([[2,4],[6,8]])\n",
    "b= np.array([5,6])\n",
    "\n",
    "x = np.linalg.solve(a,b)\n",
    "x\n"
   ]
  },
  {
   "cell_type": "markdown",
   "metadata": {},
   "source": [
    "---\n",
    "\n",
    "<h2 align = center> <font color = '#0A7A8A'> Implement matrix factorization methods (LU decomposition, QR decomposition). </font></h2>\n",
    "\n",
    "---\n",
    "#### What is Matrix Factorization?\n",
    "\n",
    "Matrix factorization is a method for breaking down a matrix into simpler matrices. There are two main types of matrix factorization:\n",
    "\n",
    "1. LU Decomposition: This method decomposes a square matrix into a lower triangular matrix (L) and an upper triangular matrix (U).\n",
    "\n",
    "2. QR Decomposition: This method decomposes a square matrix into a orthogonal matrix (Q) and a upper triangular matrix (R).\n",
    "\n",
    "#### What is lower triangular matrix ?\n",
    "\n",
    "A lower triangular matrix is a square matrix in which all elements above the main diagonal are zero.\n",
    "\n",
    "#### What is upper triangular matrix ?\n",
    "\n",
    "An upper triangular matrix is a square matrix in which all elements below the main diagonal are zero.\n",
    "\n"
   ]
  },
  {
   "cell_type": "code",
   "execution_count": 56,
   "metadata": {},
   "outputs": [
    {
     "name": "stdout",
     "output_type": "stream",
     "text": [
      "\n",
      "Matrix 1\n",
      "\n",
      "[[34 67 42]\n",
      " [ 7 42 49]\n",
      " [84 65 65]]\n"
     ]
    }
   ],
   "source": [
    "### Making a random square matrix\n",
    "\n",
    "mat = np.random.randint(1,100 , size=(3,3),dtype='int16')\n",
    "\n",
    "# Showing Matrix\n",
    "\n",
    "print(f\"\\nMatrix 1\\n\")\n",
    "print(mat)\n"
   ]
  },
  {
   "cell_type": "markdown",
   "metadata": {},
   "source": [
    "---\n",
    "<h2 align = center> <font color = '#38ACEC'> LU Decomposition </font></h2>\n",
    "\n",
    "---\n",
    "#### Applications:\n",
    "\n",
    "LU decomposition is used in various applications such as solving systems of linear equations, computing the inverse of a matrix, and solving linear least squares problems. It is particularly useful for solving systems of linear equations with a large number of variables.\n",
    "\n",
    "\n",
    "\n"
   ]
  },
  {
   "cell_type": "code",
   "execution_count": 57,
   "metadata": {},
   "outputs": [
    {
     "name": "stdout",
     "output_type": "stream",
     "text": [
      "\n",
      "Lower Triangular Matrix (L):\n",
      "\n",
      "[[1.         0.         0.        ]\n",
      " [0.4047619  1.         0.        ]\n",
      " [0.08333334 0.89906377 1.        ]]\n",
      "\n",
      "Upper Triangular Matrix (U):\n",
      "\n",
      "[[84.       65.       65.      ]\n",
      " [ 0.       40.690475 15.690475]\n",
      " [ 0.        0.       29.476595]]\n",
      "\n",
      "Final Resultant Matrix\n",
      "\n",
      "[[34. 67. 42.]\n",
      " [ 7. 42. 49.]\n",
      " [84. 65. 65.]]\n"
     ]
    }
   ],
   "source": [
    "import scipy.linalg\n",
    "permutation,lower,upper = scipy.linalg.lu(mat)\n",
    "\n",
    "print(f\"\\nLower Triangular Matrix (L):\\n\")\n",
    "print(lower)\n",
    "print(f\"\\nUpper Triangular Matrix (U):\\n\")\n",
    "print(upper)\n",
    "\n",
    "# As we know we can get our orignal matrix back by multiplying permutation matrix with lower triangular matrix .\n",
    "# Then multiplying the resultant with upper triangular matrix. \n",
    "\n",
    "Q=np.dot(permutation,lower)\n",
    "\n",
    "print(\"\\nFinal Resultant Matrix\\n\")\n",
    "print(np.dot(Q,upper))\n",
    "\n"
   ]
  },
  {
   "cell_type": "markdown",
   "metadata": {},
   "source": [
    "---\n",
    "\n",
    "<h2 align = center> <font color = '#00A36C'> QR Decomposition </font></h2>\n",
    "\n",
    "---\n",
    "\n",
    "#### Usage:\n",
    "\n",
    "QR decomposition is used in various applications such as solving systems of linear equations, computing the singular value decomposition (SVD), and finding the nearest matrix to a given matrix. It is particularly useful for solving linear least squares problems and computing the eigenvalues and eigenvectors of a matrix.\n",
    "\n"
   ]
  },
  {
   "cell_type": "code",
   "execution_count": 54,
   "metadata": {},
   "outputs": [
    {
     "name": "stdout",
     "output_type": "stream",
     "text": [
      "\n",
      "Matrix 1\n",
      "\n",
      "[[432 371 128 931]\n",
      " [153 109 140 209]\n",
      " [400 951 391 912]\n",
      " [576  37 114 907]]\n",
      "\n",
      "Orthogonal Matrix (Q):\n",
      "\n",
      "[[-0.51567287  0.01946936  0.59095981 -0.6200556 ]\n",
      " [-0.18263414 -0.02255828 -0.78260343 -0.59469973]\n",
      " [-0.47747488  0.81695085 -0.13534416  0.29375331]\n",
      " [-0.68756382 -0.57593695 -0.14135182  0.41901346]]\n",
      "\n",
      "Upper Triangular Matrix (R):\n",
      "\n",
      "[[ -837.74041325  -690.74022316  -356.64985868 -1577.33944679]\n",
      " [    0.           760.37487078   253.10488868   236.0956489 ]\n",
      " [    0.             0.          -102.95529917   134.97948954]\n",
      " [    0.             0.             0.           -53.61577717]]\n",
      "\n",
      "Final Resultant Matrix\n",
      "\n",
      "[[432. 371. 128. 931.]\n",
      " [153. 109. 140. 209.]\n",
      " [400. 951. 391. 912.]\n",
      " [576.  37. 114. 907.]]\n"
     ]
    }
   ],
   "source": [
    "mat = np.random.randint(1,1000 , size=(4,4), dtype='int16')\n",
    "\n",
    "# Showing Matrix\n",
    "\n",
    "print(f\"\\nMatrix 1\\n\")\n",
    "print(mat)\n",
    "\n",
    "# QR Decomposition\n",
    "\n",
    "Q,R = np.linalg.qr(mat)\n",
    "\n",
    "print(f\"\\nOrthogonal Matrix (Q):\\n\")\n",
    "print(Q)\n",
    "\n",
    "print(f\"\\nUpper Triangular Matrix (R):\\n\")\n",
    "print(R)\n",
    "\n",
    "# Multiplying Q and R to get original matrix\n",
    "\n",
    "print(\"\\nFinal Resultant Matrix\\n\")\n",
    "print(np.dot(Q,R))\n",
    "\n",
    "\n",
    "\n",
    "\n"
   ]
  },
  {
   "cell_type": "markdown",
   "metadata": {},
   "source": [
    "<h2 align = center> <font color = 'gold'> Application </font></h2>\n",
    "\n",
    "#### What is singular matrix ? \n",
    "\n",
    "A singular matrix is a square matrix that does not have an inverse. In other words, its determinant is zero. This means that the system of linear equations Ax = b has either no solution, infinitely many solutions, or a unique solution depending on the values of the constants a1, a2,..., an.\n"
   ]
  },
  {
   "cell_type": "code",
   "execution_count": 62,
   "metadata": {},
   "outputs": [
    {
     "name": "stdout",
     "output_type": "stream",
     "text": [
      "\n",
      "Solution: x = -0.5790877191984275, y = 0.9126028444406878, z = -0.6563797528836096\n",
      "\n"
     ]
    }
   ],
   "source": [
    "\n",
    "# For example, we can use QR decomposition to solve a system of linear equations.\n",
    "\n",
    "# Equation\n",
    "\n",
    "#  2x + 4y + 6z = 10\n",
    "#  3x + 6y + 9z = 15\n",
    "#  4x + 8y + 12z = 20\n",
    "\n",
    "a = np.array([[2,4,6],[3,6,9],[4,8,12]])\n",
    "b= np.array([10,15,20])\n",
    "\n",
    "# sol = np.linalg.solve(a,b) This Can't be run because the matrix is singular. QR decomposition or other methods can be used to find a least-squares solution in such cases.\n",
    "\n",
    "# Perform QR decomposition\n",
    "Q, R = np.linalg.qr(A)\n",
    "\n",
    "# Solve for x, y, z\n",
    "Q_T_b = np.dot(Q.T, b)\n",
    "x = np.linalg.solve(R, Q_T_b)\n",
    "\n",
    "print(f\"\\nSolution: x = {x[0]}, y = {x[1]}, z = {x[2]}\\n\")\n",
    "\n"
   ]
  },
  {
   "cell_type": "markdown",
   "metadata": {},
   "source": [
    "---\n",
    "<h1 align = center><font color =#AABB44 > 3. Eigenvalues and Eigenvectors</font></h1>\n",
    "\n",
    "---\n",
    "\n"
   ]
  },
  {
   "cell_type": "markdown",
   "metadata": {},
   "source": [
    "#### What is Eigenvalues ? \n",
    "\n",
    "Eigenvalues are scalar values associated with a square matrix. They are solutions to the characteristic equation det(A - λI) = 0, where A is the matrix and λ is the eigenvalue. Eigenvalues can be found using the numpy.linalg.eig() function.\n",
    "\n",
    "#### What is Eigenvectors ?\n",
    "\n",
    "Eigenvectors are non-zero vectors that, when multiplied by a square matrix, produce a scaled version of themselves. They are related to eigenvalues and are found using the numpy.linalg.eig() function.\n",
    "\n",
    "#### What is the relationship between Eigenvalues and Eigenvectors ?\n",
    "\n",
    "Eigenvalues and eigenvectors have a significant relationship in linear algebra. They are used to analyze the properties of linear transformations and solve systems of linear equations. For example, eigenvalues and eigenvectors can be used to determine the stability of a system of linear differential equations, to find the principal components of a dataset, and to perform PCA (Principal Component Analysis) for dimensionality reduction.\n",
    "\n"
   ]
  },
  {
   "cell_type": "markdown",
   "metadata": {},
   "source": [
    "---\n",
    "\n",
    "<h2 align = center> <font color = 'Orchid'> Calculate the eigenvalues and eigenvectors of a given matrix.. </font></h2>\n",
    "\n",
    "---"
   ]
  },
  {
   "cell_type": "code",
   "execution_count": 80,
   "metadata": {},
   "outputs": [
    {
     "name": "stdout",
     "output_type": "stream",
     "text": [
      "\n",
      "Eigenvalues:\n",
      "\n",
      "[4. 2. 1.]\n",
      "\n",
      "Eigenvectors:\n",
      "\n",
      "\n",
      "Eigenvector 1:\n",
      "\n",
      "[-0.40824829 -0.81649658 -0.40824829]\n",
      "\n",
      "Eigenvector 2:\n",
      "\n",
      "[ 7.07106781e-01 -3.45742585e-16 -7.07106781e-01]\n",
      "\n",
      "Eigenvector 3:\n",
      "\n",
      "[ 0.57735027 -0.57735027  0.57735027]\n"
     ]
    }
   ],
   "source": [
    "mat = np.array([[2, 1, 0],\n",
    "                [1, 3, 1],\n",
    "                [0, 1, 2]])\n",
    "\n",
    "# Calculate eigenvalues and eigenvectors\n",
    "\n",
    "eigenvalues, eigenvectors = np.linalg.eig(mat)\n",
    "\n",
    "print(f\"\\nEigenvalues:\\n\")\n",
    "print(eigenvalues)\n",
    "\n",
    "print(f\"\\nEigenvectors:\\n\")\n",
    "\n",
    "for i in range(len(eigenvalues)):\n",
    "    print(f\"\\nEigenvector {i+1}:\\n\")\n",
    "    print(eigenvectors[:,i])"
   ]
  },
  {
   "cell_type": "markdown",
   "metadata": {},
   "source": [
    "---\n",
    "\n",
    "<h2 align = center> <font color = 'Lime'> Verify the results by reconstructing the original matrix.\n",
    " </font></h2>\n",
    "\n",
    " ---"
   ]
  },
  {
   "cell_type": "code",
   "execution_count": 93,
   "metadata": {},
   "outputs": [
    {
     "name": "stdout",
     "output_type": "stream",
     "text": [
      "\n",
      "Reconstructed Matrix:\n",
      "\n",
      "[[2.00000000e+00 1.00000000e+00 3.34106299e-16]\n",
      " [1.00000000e+00 3.00000000e+00 1.00000000e+00]\n",
      " [2.27686080e-16 1.00000000e+00 2.00000000e+00]]\n"
     ]
    }
   ],
   "source": [
    "# Formula for reconstructing the original matrix\n",
    "\n",
    "#A = P Λ P^-1.\n",
    "\n",
    "# Reconstruct the original matrix\n",
    "\n",
    "A = np.diag(eigenvalues)\n",
    "P = eigenvectors\n",
    "\n",
    "reconstructedMatrix = np.dot(np.dot(P,A),np.linalg.inv(P))\n",
    "\n",
    "\n",
    "print(f\"\\nReconstructed Matrix:\\n\")\n",
    "print(reconstructedMatrix)\n"
   ]
  },
  {
   "cell_type": "markdown",
   "metadata": {},
   "source": [
    "---\n",
    "<h1 align = center><font color =#BF4311 > 4. Vector Operations</font></h1>\n",
    "\n",
    "---\n",
    "\n"
   ]
  },
  {
   "cell_type": "markdown",
   "metadata": {},
   "source": [
    "#### What is a Vector ? \n",
    "\n",
    "A vector is a geometric object that has magnitude (length) and direction. In other words, a vector is a one-dimensional array of numbers. Vectors can be represented using arrow notation, where the arrow starts at the origin (0, 0, 0) and points in the specified direction."
   ]
  },
  {
   "cell_type": "markdown",
   "metadata": {},
   "source": [
    "---\n",
    "\n",
    "<h2 align = center> <font color = 'purple'> Perform basic vector operations (addition, dot product, cross product). </font></h2>\n",
    "\n",
    "---\n"
   ]
  },
  {
   "cell_type": "markdown",
   "metadata": {},
   "source": [
    "\n",
    "### Addition"
   ]
  },
  {
   "cell_type": "code",
   "execution_count": 94,
   "metadata": {},
   "outputs": [
    {
     "name": "stdout",
     "output_type": "stream",
     "text": [
      "\n",
      "Addition Result:\n",
      "\n",
      "[5 7 9]\n"
     ]
    }
   ],
   "source": [
    "# Making 2 vectors\n",
    "\n",
    "v1 = np.array([1, 2, 3])\n",
    "v2 = np.array([4, 5, 6])\n",
    "\n",
    "# Adding vectors\n",
    "\n",
    "result_addition = v1 + v2\n",
    "\n",
    "print(f\"\\nAddition Result:\\n\")\n",
    "print(result_addition)\n"
   ]
  },
  {
   "cell_type": "markdown",
   "metadata": {},
   "source": [
    "### Dot Product\n",
    "\n",
    "what is dot product ? \n",
    "\n",
    "dot product is a scalar value that represents the magnitude of one vector in the direction of another vector. It is calculated by multiplying the corresponding components of the two vectors and then summing the results.\n",
    "\n",
    "Example Code is given below:"
   ]
  },
  {
   "cell_type": "code",
   "execution_count": 95,
   "metadata": {},
   "outputs": [
    {
     "name": "stdout",
     "output_type": "stream",
     "text": [
      "\n",
      "Dot Product Result:\n",
      "\n",
      "32\n"
     ]
    }
   ],
   "source": [
    "# Dot product\n",
    "\n",
    "result_dot_product = np.dot(v1, v2)\n",
    "\n",
    "print(f\"\\nDot Product Result:\\n\")\n",
    "print(result_dot_product)"
   ]
  },
  {
   "cell_type": "markdown",
   "metadata": {},
   "source": [
    "### Cross Product\n",
    "\n",
    "what is cross product? \n",
    "\n",
    "cross product is a vector that results from the multiplication of two vectors. It is calculated by finding the determinant of a 2x2 matrix formed by the two vectors.\n",
    "\n",
    "Example Code is given below:"
   ]
  },
  {
   "cell_type": "code",
   "execution_count": 98,
   "metadata": {},
   "outputs": [
    {
     "name": "stdout",
     "output_type": "stream",
     "text": [
      "\n",
      "Cross Product Result:\n",
      "\n",
      "[-3  6 -3]\n"
     ]
    }
   ],
   "source": [
    "#Cross product\n",
    "\n",
    "v1 = np.array([1, 2, 3])\n",
    "v2 = np.array([4, 5, 6])\n",
    "\n",
    "\n",
    "\n",
    "result_cross_product = np.cross(v1, v2)\n",
    "\n",
    "print(f\"\\nCross Product Result:\\n\")\n",
    "print(result_cross_product)\n"
   ]
  },
  {
   "cell_type": "markdown",
   "metadata": {},
   "source": [
    "---\n",
    "\n",
    "<h2 align = center> <font color = 'MintCream'> Normalize a vector and compute vector norms. </font></h2>\n",
    "\n",
    "---"
   ]
  },
  {
   "cell_type": "markdown",
   "metadata": {},
   "source": [
    "#### What is normalization of a vector?\n",
    "\n",
    "Normalization is the process of scaling a vector to have a magnitude of 1. It is done by dividing the vector by its length.\n",
    "\n",
    "#### What is vector norms ?\n",
    "\n",
    "Vector norms are measures of the size or length of a vector. There are several types of vector norms, such as:\n",
    "\n",
    "- Euclidean norm (L2 norm): sqrt(sum of squares of vector components)\n",
    "- Manhattan norm (L1 norm): sum of absolute values of vector components\n",
    "- Maximum norm (L Infinity norm): maximum absolute value of vector components"
   ]
  },
  {
   "cell_type": "markdown",
   "metadata": {},
   "source": [
    "---\n",
    "#### Vector Normalization\n",
    "---"
   ]
  },
  {
   "cell_type": "code",
   "execution_count": 103,
   "metadata": {},
   "outputs": [
    {
     "name": "stdout",
     "output_type": "stream",
     "text": [
      "\n",
      "Normalized Vector:\n",
      "\n",
      "[0.07789417 0.21420895 0.97367706]\n"
     ]
    }
   ],
   "source": [
    "# Making a vector\n",
    "\n",
    "v = np.array([8, 22, 100])\n",
    "\n",
    "# Normalizing the vector\n",
    "\n",
    "normalized_v = v / np.linalg.norm(v)\n",
    "\n",
    "print(f\"\\nNormalized Vector:\\n\")\n",
    "print(normalized_v)\n"
   ]
  },
  {
   "cell_type": "markdown",
   "metadata": {},
   "source": [
    "#### Results\n",
    "\n",
    "As we can see, the normalized vector has a magnitude of 1, and its elements are scaled such that the vector points in the same direction as the original vector."
   ]
  },
  {
   "cell_type": "markdown",
   "metadata": {},
   "source": [
    "---\n",
    "#### Using Euclidean norm\n",
    "\n",
    "---"
   ]
  },
  {
   "cell_type": "code",
   "execution_count": 111,
   "metadata": {},
   "outputs": [
    {
     "name": "stdout",
     "output_type": "stream",
     "text": [
      "\n",
      "Euclidean Norm:\n",
      "\n",
      "102.70345661174214\n",
      "\n",
      "Normalized Vector Using Euclidean Norm:\n",
      "\n",
      "[0.07789417 0.21420895 0.97367706]\n"
     ]
    }
   ],
   "source": [
    "\n",
    "# Calculating Euclidean norm\n",
    "\n",
    "euclideanNorm = np.linalg.norm(v)\n",
    "\n",
    "print(f\"\\nEuclidean Norm:\\n\")\n",
    "print(euclideanNorm)\n",
    "\n",
    "normalized_v = v / euclideanNorm\n",
    "\n",
    "print(f\"\\nNormalized Vector Using Euclidean Norm:\\n\")\n",
    "print(normalized_v)"
   ]
  },
  {
   "cell_type": "markdown",
   "metadata": {},
   "source": [
    "---\n",
    "### Using Manhattan Norm\n",
    "\n",
    "---"
   ]
  },
  {
   "cell_type": "code",
   "execution_count": 290,
   "metadata": {},
   "outputs": [
    {
     "name": "stdout",
     "output_type": "stream",
     "text": [
      "\n",
      "Manhattan Norm:\n",
      "\n",
      "130.0\n",
      "\n",
      "Normalized Vector Using Manhattan Norm:\n",
      "\n",
      "[0.06153846 0.16923077 0.76923077]\n"
     ]
    }
   ],
   "source": [
    "\n",
    "\n",
    "manhattanNorm = np.linalg.norm(v, ord=1)\n",
    "\n",
    "print(f\"\\nManhattan Norm:\\n\")\n",
    "print(manhattanNorm)\n",
    "# Using Maximum Norm\n",
    "\n",
    "normalized_v = v / manhattanNorm\n",
    "\n",
    "print(f\"\\nNormalized Vector Using Manhattan Norm:\\n\")\n",
    "print(normalized_v)\n",
    "\n"
   ]
  },
  {
   "cell_type": "code",
   "execution_count": 109,
   "metadata": {},
   "outputs": [
    {
     "name": "stdout",
     "output_type": "stream",
     "text": [
      "\n",
      "Maximum Norm:\n",
      "\n",
      "100.0\n",
      "\n",
      "Normalized Vector Using Infinity Norm:\n",
      "\n",
      "[0.08 0.22 1.  ]\n"
     ]
    }
   ],
   "source": [
    "# Using Infinity Norm\n",
    "\n",
    "infinityNorm = np.linalg.norm(v, ord=np.inf)\n",
    "\n",
    "print(f\"\\nMaximum Norm:\\n\")\n",
    "print(infinityNorm)\n",
    "\n",
    "normalized_v = v / infinityNorm\n",
    "\n",
    "print(f\"\\nNormalized Vector Using Infinity Norm:\\n\")\n",
    "print(normalized_v)\n",
    "\n"
   ]
  },
  {
   "cell_type": "markdown",
   "metadata": {},
   "source": [
    "---\n",
    "<h1 align = center><font color =#5865F2 > 5. Matrix Decomposition</font></h1>\n",
    "\n",
    "---\n",
    "\n",
    "\n",
    "\n"
   ]
  },
  {
   "cell_type": "markdown",
   "metadata": {},
   "source": [
    "\n",
    "---\n",
    "<h2 align = center> <font color = 'blurple'> Understand and implement Principal Component Analysis (PCA) using SVD.\n",
    "  </font></h2>\n",
    "\n",
    "---\n",
    "\n",
    "\n"
   ]
  },
  {
   "cell_type": "markdown",
   "metadata": {},
   "source": [
    "#### What is Principal Component Analysis ?\n",
    "\n",
    "Principal Component Analysis (PCA) is a statistical technique used to reduce the dimensionality of a dataset while retaining as much information as possible. It finds the principal components, or directions of maximum variance in the data, and projects the data onto these principal components to create a new, lower-dimensional representation.\n",
    "\n",
    "#### How does PCA work?\n",
    "\n",
    "1. Center the data: Subtract the mean of each feature from the corresponding data points to make the mean of each feature zero.\n",
    "\n",
    "2. Compute the covariance matrix: Calculate the covariance matrix of the centered data, which represents the correlation between the features.\n",
    "\n",
    "3. Compute the singular value decomposition (SVD): Perform the singular value decomposition (SVD) of the covariance matrix, using the numpy.linalg.svd() function. The SVD factors the covariance matrix into U, S, and V^T, where U and V^T are orthogonal matrices and S is a diagonal matrix with non-negative real numbers on the diagonal.\n",
    "\n",
    "4. Select the desired number of principal components: Select the desired number of principal components based on the desired explained variance ratio. The explained variance ratio is the proportion of the total variance that each principal component captures.\n",
    "\n",
    "5. Project the data onto the principal components: Multiply the centered data by the transpose of the selected principal components matrix (V^T) to obtain the new, lower-dimensional representation.\n",
    "\n",
    "\n",
    "\n",
    "#### What are benefits of Principal Component Analysis?\n",
    "\n",
    "- Reduces dimensionality: PCA helps reduce the dimensionality of a dataset by identifying the principal components that capture the most variance in the data.\n",
    "\n",
    "- Enhances data interpretability: Principal components are orthogonal, meaning they are uncorrelated, which makes them easier to interpret and visualize.\n",
    "\n",
    "- Improves computational efficiency: PCA can be computationally more efficient than other dimensionality reduction techniques, such as feature selection.\n",
    "\n",
    "- Preserves important information: PCA retains as much information as possible from the original dataset during the dimensionality reduction process, ensuring that the reduced representation retains the essential patterns and relationships.\n",
    "\n",
    "\n",
    "\n",
    "### What is covariance? \n",
    "\n",
    "Covariance is a measure of the linear relationship between two random variables. It quantifies the degree to which the two variables change together. This is very similar to correlation but there is no bounding of range(-1 to 1).\n",
    "\n",
